0	11
5	0
